0.0799762 -0.192986 0.0261527
0.270705 0.447208 0.054482
0.888962 0.609654 0.0668091
1.15514 1.24077 0.0473386
1.69696 1.675 0.0491384
2.24308 1.50534 0.0495514
2.29965 1.53698 0.0545429
2.34348 1.53493 0.0502078
2.28729 1.5379 0.0550464
2.32928 1.52001 0.0432583
2.30407 1.53569 0.0437712
2.3076 1.55077 0.0514878
2.33532 1.54563 0.0427964
2.35086 1.52697 0.0698704
2.35327 1.54052 0.0601135
2.3408 1.54971 0.0419942
2.30742 1.5413 0.0503984
2.31746 1.55455 0.0493523
2.33098 1.51202 0.0482403
2.30051 1.55226 0.0499073
2.30867 1.54673 0.0488626
2.3023 1.55809 0.0424034
2.3335 1.5438 0.0500436
2.34738 1.59462 0.0612255
2.35687 1.54413 0.0560524
2.31569 1.53307 0.0680582
2.33034 1.56257 0.083907
2.33366 1.51278 0.0563968
2.29037 1.55224 0.0758591
2.30635 1.54446 0.0812893
2.34162 1.5398 0.084518
2.34914 1.51629 0.07479
2.34914 1.51629 0.102891
2.33209 1.56871 0.0675012
2.35258 1.543 0.0662789
2.33303 1.54619 0.0883225
2.29947 1.56026 0.0614887
2.35842 1.5181 0.0809406
2.30919 1.50567 0.063352
2.30376 1.52639 0.0747307
2.3207 1.53362 0.0626112
2.30715 1.51038 0.0744457
2.3035 1.54117 0.0732692
2.3035 1.54117 0.0746259
2.30487 1.54987 0.0741932
2.34665 1.55512 0.089805
2.31795 1.65533 0.0696456
2.33505 1.68073 0.0713169
2.32033 1.71081 0.0734924
2.33061 1.76289 0.0724607
2.34075 1.80388 0.0761743
2.32646 1.7945 0.0763297
2.35332 1.82338 0.0624328
2.33304 1.87282 0.0898153
2.37342 1.90858 0.0777349
2.37342 1.90858 0.0765635
2.35056 1.96581 0.071659
2.35451 1.98624 0.0711873
2.34832 2.02073 0.0783901
2.38392 2.08273 0.0714003
2.42058 2.11815 0.0978428
2.406 2.15118 0.085397
2.37219 2.21435 0.0619017
2.40941 2.20849 0.0961398
2.39622 2.27394 0.071388
2.40579 2.29377 0.0806512
2.43788 2.33988 0.0718252
2.43788 2.33988 0.0739864
2.44378 2.36394 0.0824045
2.44692 2.46293 0.0867983
2.44939 2.47763 0.0730872
2.39965 2.5129 0.0722176
2.45144 2.56675 0.0708938
2.44188 2.60236 0.0752783
2.46256 2.63282 0.0934347
2.4422 2.63903 0.0708047
2.38499 2.89945 0.0593962
2.492 2.53566 0.0608786
2.47282 2.76324 0.0784143
2.47163 2.81118 0.0768179
2.46657 2.84786 0.0768038
2.48595 2.89984 0.0707096
2.48792 2.92614 0.0612256
2.53054 2.956 0.0721673
2.50287 2.96677 0.0750483
2.51632 3.03446 0.067007
2.46738 3.08749 0.0879826
2.47414 3.09421 0.071145
2.52829 3.16422 0.0768214
2.4875 3.16656 0.0807703
2.51569 3.20211 0.0865026
2.51542 3.26859 0.0868073
2.52376 3.26156 0.083324
2.5721 3.29432 0.0727867
2.50886 3.33941 0.08197
2.56074 3.37841 0.0609637
2.56234 3.41801 0.069765
2.54304 3.47574 0.0736088
2.53821 3.47831 0.0725276
2.53821 3.47831 0.0717535
2.56194 3.54277 0.0718044
2.56194 3.54277 0.0719281
2.56833 3.63415 0.0725893
2.61751 3.70287 0.0720966
2.57041 3.70868 0.0711168
2.55384 3.72831 0.0717945
2.59846 3.74698 0.0744221
2.57218 3.78421 0.0738427
2.58415 3.84197 0.0697468
2.59722 3.85137 0.0689153
2.58953 3.88083 0.0703958
2.57702 3.94153 0.0917682
2.61804 3.97611 0.0733628
2.57484 3.98859 0.0725204
2.63839 4.05576 0.085948
2.5982 4.11597 0.0768522
2.60592 4.14352 0.0763768
2.60335 4.11481 0.0706044
2.58852 4.19046 0.081257
2.60234 4.25962 0.0840311
2.65152 4.29687 0.0787374
2.67051 4.3298 0.0729511
2.65837 4.36298 0.0809011
2.64508 4.39247 0.0796559
2.65118 4.4854 0.0695112
2.64218 4.45761 0.0699023
2.67832 4.50733 0.0636987
2.71264 4.51701 0.0725375
2.65796 4.58067 0.08031
2.66475 4.56838 0.0797305
2.66678 4.6304 0.0708236
2.66964 4.71701 0.0672104
2.67457 4.70406 0.0726628
2.69491 4.73339 0.0741469
2.673 4.80382 0.0695182
2.69889 4.8045 0.0847119
2.67562 4.83335 0.0775762
2.71609 4.90549 0.0694114
2.69285 4.89136 0.0790376
2.75334 4.94776 0.0834247
2.71475 5.0247 0.0774117
2.68187 5.03752 0.0723968
2.71051 5.03159 0.0666608
2.75934 5.05257 0.0828487
2.71646 5.09387 0.07376
2.7357 5.14769 0.0694687
2.74111 5.16405 0.0676958
2.75831 5.24557 0.0688164
2.75014 5.24576 0.0809633
2.74335 5.33114 0.0849177
2.79504 5.33676 0.0757418
2.814 5.35332 0.107365
2.79768 5.42834 0.0791973
2.79696 5.43812 0.0765855
2.8475 5.48557 0.0843073
2.85175 5.51966 0.0745519
2.88574 5.50253 0.0750159
2.88074 5.53362 0.0802089
2.90312 5.55451 0.0718739
2.93172 5.60142 0.0690462
2.87439 5.63589 0.0731476
2.93073 5.67379 0.0726825
2.91333 5.74031 0.0693763
2.91909 5.71696 0.0627324
2.90671 5.77853 0.0939389
2.94315 5.81849 0.0821199
2.89755 5.83034 0.0760819
2.9257 5.90787 0.0760122
2.92678 5.92554 0.0876127
2.94602 5.98714 0.0735001
2.96276 6.00263 0.0846481
2.92602 6.03738 0.101561
2.93938 6.10303 0.0821874
2.97118 6.14009 0.0605971
2.9429 6.16398 0.0714134
2.95293 6.2217 0.0686877
2.94769 6.2264 0.0709345
2.94758 6.28216 0.0735344
2.96815 6.30793 0.0716898
2.97346 6.34602 0.0732695
2.98968 6.39238 0.0681872
2.96955 6.3968 0.0564204
2.99861 6.42177 0.0843636
3.00307 6.456 0.0742251
2.96172 6.51875 0.0725004
3.0127 6.5219 0.0747905
2.9642 6.60011 0.0759739
2.99405 6.6155 0.0731997
3.02691 6.66177 0.0683356
3.01357 6.66427 0.0837862
3.02459 6.70934 0.067399
3.02495 6.76497 0.078742
3.05343 6.80885 0.0653036
3.05216 6.86248 0.0722964
3.07913 6.87288 0.0716936
3.03238 6.92297 0.0729141
3.05003 6.99029 0.0713219
3.08037 6.99926 0.0668734
3.06304 7.02133 0.0835533
3.05947 7.07134 0.07161
3.0648 7.12521 0.078649
3.09109 7.17272 0.0747688
3.06206 7.20831 0.0687493
3.1035 7.24448 0.0719064
3.08793 7.23239 0.0708721
3.11358 7.27466 0.0787459
3.08877 7.33772 0.0782618
3.13364 7.36025 0.0771395
3.1369 7.39841 0.0703733
3.11672 7.4067 0.0679805
3.15229 7.43844 0.0782961
3.16436 7.48244 0.0729183
3.16055 7.53139 0.0790996
3.14637 7.61683 0.0757021
3.19989 7.68199 0.0804329
3.21567 7.68892 0.0710639
3.20584 7.71172 0.0740434
3.19351 7.70553 0.0794727
3.21717 7.78441 0.0675934
3.19716 7.82776 0.0732208
3.22008 7.88244 0.080823
3.21343 7.90473 0.0721933
3.24995 7.91319 0.0932464
3.24352 7.94808 0.0731795
3.26036 7.98361 0.0836815
3.23876 8.02919 0.0863584
3.25771 8.0892 0.0738042
3.23685 8.14712 0.0955791
3.28419 8.11993 0.0657178
3.28009 8.1816 0.0798004
3.27525 8.21233 0.0729585
3.26365 8.2766 0.0787613
3.31809 8.33883 0.0936626
3.26694 8.34089 0.0794549
3.31248 8.38673 0.0751004
3.32985 8.41806 0.0596735
3.36949 8.45745 0.0762426
3.32134 8.45876 0.0744438
3.33561 8.55158 0.0756253
3.33292 8.55345 0.0676941
3.34329 8.56977 0.0872839
3.39349 8.67597 0.0689013
3.40346 8.65092 0.0862098
3.41638 8.71724 0.0815247
3.38361 8.73609 0.0889449
3.41134 8.78327 0.082119
3.40433 8.81362 0.0679706
3.43444 8.86293 0.0749282
3.42148 8.89231 0.131519
3.43849 8.98869 0.0727083
3.42718 9.00746 0.0921456
3.44992 9.0232 0.104978
3.43855 9.10794 0.0985744
3.45189 9.09772 0.0970595
3.50826 9.18728 0.0883417
3.50893 9.23012 0.103911
3.50342 9.24449 0.107124
3.47597 9.30577 0.0746423
3.51856 9.29604 0.0897968
3.51856 9.29604 0.103657
3.51862 9.31373 0.0766251
3.52299 9.32983 0.0842529
3.46941 9.2747 0.0884121
3.51493 9.30041 0.0773009
3.48255 9.25907 0.0800667
3.47719 9.32388 0.100832
3.49532 9.29246 0.0838482
3.48041 9.32262 0.0700248
3.47887 9.32196 0.074581
3.48313 9.308 0.0729426
3.49732 9.28416 0.0876986
3.49732 9.28416 0.0746994
3.51136 9.2864 0.0711871
3.50917 9.29506 0.0720851
3.51108 9.26208 0.0787099
3.48818 9.35507 0.0790237
3.47494 9.25008 0.0932502
3.47902 9.28815 0.0868954
3.50468 9.3001 0.0793774
3.52209 9.27372 0.0740474
3.47185 9.29282 0.0634793
3.49398 9.3707 0.0883087
3.50637 9.37269 0.0712159
3.52222 9.38552 0.0799935
3.53708 9.44331 0.0733969
3.5341 9.44816 0.0903861
3.50513 9.46987 0.082707
3.51198 9.51536 0.0895826
3.51198 9.51536 0.084617
3.5253 9.57188 0.0838103
3.56926 9.57245 0.0929567
3.55987 9.61272 0.0826765
3.56286 9.61348 0.064717
3.58761 9.62988 0.0659648
3.60781 9.67479 0.0764786
3.5938 9.73294 0.0839854
3.56956 9.72591 0.0970925
3.57083 9.72547 0.0788976
3.59024 9.76096 0.0725562
3.57573 9.81561 0.0725345
3.57573 9.81561 0.0920065
3.57261 9.79684 0.0780377
3.58389 9.8143 0.10896
3.57084 9.81969 0.0762636
3.59157 9.79838 0.0793224
3.5913 9.86287 0.0824209
3.57198 9.83124 0.0746184
3.57752 9.90118 0.0729865
3.61292 9.92622 0.087474
3.57056 9.98705 0.0661151
3.58777 10.0191 0.0662273
3.60092 10.0629 0.0863353
3.63608 10.1077 0.0959194
3.59781 10.1499 0.0913549
3.64959 10.1592 0.0944052
3.63428 10.2124 0.0750048
3.62923 10.2657 0.0713163
3.60643 10.2954 0.0902366
3.63436 10.337 0.0720484
3.61894 10.3641 0.076253
3.64919 10.4006 0.131827
3.63903 10.4457 0.079836
3.60472 10.5078 0.127486
3.60407 10.5057 0.11314
3.61915 10.5869 0.103746
3.51485 10.3262 0.13634
3.54992 10.5975 0.0780546
3.58849 10.7019 0.157928
3.4686 10.7676 0.0976746
3.54297 10.8671 0.0836226
3.26207 10.4228 0.110678
3.56448 10.8993 0.103194
3.32656 10.5907 0.128514
3.31312 10.6341 0.104054
3.46427 10.9994 0.0872828
3.39931 11.1384 0.0770864
3.28234 10.7159 0.114961
3.51234 11.3002 0.0964536
3.20542 10.8149 0.149782
3.31757 11.0867 0.166692
3.11898 10.9128 0.152381
3.07237 10.9159 0.158101
3.21621 11.5061 0.1755
3.09292 11.0844 0.202592
3.24558 11.5283 0.185634
2.90855 11.1798 0.170042
3.02237 11.6389 0.148122
3.08334 11.8923 0.177802
2.78708 11.3824 0.140022
2.75565 11.4005 0.212353
2.67521 11.4502 0.181156
2.59844 11.5056 0.15273
2.71572 12.1168 0.0955853
2.72944 12.1843 0.0787234
2.71553 12.1687 0.100897
2.62499 12.2025 0.107093
2.57998 12.2663 0.105825
2.59448 12.283 0.0792991
2.50145 12.3206 0.0941731
2.43108 12.2958 0.0933849
2.43835 12.3402 0.0719277
2.41151 12.3588 0.0780474
2.32215 12.3888 0.0626352
2.29961 12.3787 0.0751708
2.2844 12.389 0.102759
2.19191 12.3924 0.0938287
2.14505 12.4375 0.103606
2.14623 12.4865 0.109622
2.0871 12.4557 0.0827032
2.0434 12.4197 0.107174
1.97189 12.4443 0.0699904
1.9129 12.4748 0.0624505
1.94648 12.4263 0.0847143
1.8673 12.4721 0.0708831
1.83519 12.4502 0.0758638
1.7973 12.4761 0.0620565
1.72092 12.4823 0.0693559
1.69862 12.4758 0.0669342
1.66854 12.4578 0.0669168
1.64252 12.4915 0.0879358
1.62009 12.4561 0.088786
1.54089 12.5294 0.0838945
1.52371 12.5504 0.0684859
1.47654 12.5332 0.0738892
1.42917 12.5987 0.0613337
1.41527 12.5403 0.0815245
1.40931 12.5683 0.0801625
1.31241 12.5822 0.0812281
1.30432 12.5683 0.0764004
1.27159 12.559 0.0715809
1.21759 12.5637 0.0604515
1.13527 12.5654 0.068421
1.11785 12.5347 0.0668932
1.11956 12.5818 0.0701818
1.07417 12.582 0.075423
1.08431 12.5807 0.0847581
1.02524 12.5442 0.0841437
0.966893 12.587 0.086912
0.907016 12.5545 0.0962425
0.83674 12.6139 0.0836488
0.810787 12.5885 0.0826583
0.746234 12.5715 0.0825953
0.77931 12.5742 0.0784438
0.697959 12.5592 0.0623439
0.67357 12.5714 0.0740133
0.635637 12.545 0.075665
0.616864 12.5108 0.0761669
0.53115 12.5474 0.0815798
0.515688 12.5505 0.0794872
0.476112 12.5355 0.0797958
0.434299 12.5305 0.0772195
0.343426 12.5063 0.0872676
0.322903 12.5141 0.0598848
0.29141 12.521 0.0818028
0.264102 12.5399 0.0676432
0.253688 12.4867 0.0887669
0.139405 12.5295 0.0892282
0.16013 12.5296 0.0724455
0.149844 12.5256 0.0732749
0.0561865 12.4852 0.0496294
0.0038132 12.5075 0.0692315
-0.0412455 12.5027 0.0759657
-0.0549575 12.4655 0.0699064
-0.07957 12.4575 0.0871516
-0.149182 12.4697 0.0667175
-0.172292 12.4289 0.0631983
-0.187877 12.4451 0.0798375
-0.227436 12.4537 0.0713691
-0.252657 12.4025 0.0814808
-0.300378 12.3803 0.074865
-0.30761 12.3627 0.0721998
-0.418355 11.8779 0.085128
-0.483497 11.9194 0.0780482
-0.532735 11.8566 0.0873131
-0.548015 11.8559 0.0954309
-0.661587 11.9724 0.0739152
-0.646694 11.8775 0.0808646
-0.686145 11.8345 0.0770106
-0.627622 12.2113 0.0865698
-0.733283 11.9022 0.0885467
-0.787947 11.8657 0.100965
-0.730927 12.1976 0.0718932
-0.735847 12.1893 0.0957268
-0.838096 12.2133 0.11488
-0.835188 12.1467 0.0988579
-0.97961 11.7036 0.0873301
-0.993777 11.7262 0.0858753
-0.947548 12.0038 0.0816208
-1.09061 11.7145 0.0826127
-0.962585 12.0408 0.088239
-1.04159 11.9464 0.0904374
-1.05916 11.9106 0.0770381
-1.07485 11.8846 0.0828417
-1.1027 11.8877 0.0723283
-1.06787 11.5519 0.091139
-1.14734 11.8126 0.0780955
-1.24889 11.481 0.0780624
-1.20752 11.6427 0.102113
-1.25355 11.7378 0.0791238
-1.23039 11.3994 0.0888015
-1.32407 11.3491 0.134628
-1.32688 11.5974 0.0866707
-1.32355 11.3167 0.0948957
-1.3957 11.282 0.0877039
-1.33958 11.2271 0.09946
-1.39258 11.4718 0.119519
-1.42339 11.1673 0.0918786
-1.42454 11.3769 0.0817952
-1.48848 11.0546 0.0789572
-1.47562 11.289 0.0905368
-1.45229 11.2475 0.0883929
-1.46364 11.1991 0.0803544
-1.51877 10.8781 0.0860453
-1.50729 11.1121 0.0794839
-1.5226 11.0962 0.0952688
-1.43062 11.0206 0.0873096
-1.50335 10.9741 0.0833676
-1.50798 10.9587 0.0923216
-1.49655 10.9279 0.0892688
-1.48351 10.8703 0.0897369
-1.48833 10.815 0.0964631
-1.49236 10.8153 0.0830245
-1.47292 10.7177 0.090422
-1.435 10.6873 0.0984963
-1.45984 10.6715 0.0771926
-1.41115 10.5926 0.0887698
-1.43857 10.552 0.133531
-1.45185 10.5025 0.119893
-1.4236 10.4573 0.0975985
-1.35596 10.4219 0.0954576
-1.30405 10.3529 0.0745394
-1.33664 10.3217 0.0870954
-1.31223 10.2624 0.0840659
-1.26719 10.2465 0.0958637
-1.2711 10.1626 0.081114
-1.26247 10.1335 0.0903781
-1.24798 10.1101 0.07817
-1.21844 10.0311 0.0787522
-1.21152 10.0547 0.0701299
-1.18223 10.0204 0.0795012
-1.191 9.95593 0.0787041
-1.18423 9.9217 0.082144
-1.13886 9.83785 0.0756156
-1.10317 9.79615 0.100059
-1.10662 9.79652 0.0868951
-1.09323 9.73438 0.0792729
-1.11339 9.66848 0.0655791
-1.12539 9.58943 0.0829843
-1.065 9.61131 0.0790908
-1.05925 9.55016 0.0785638
-1.10247 9.52574 0.080579
-1.03926 9.50081 0.0786149
-1.05275 9.45594 0.0836774
-1.0262 9.43652 0.0817857
-1.01573 9.40762 0.0676235
-1.01825 9.37799 0.0953913
-0.986843 9.31373 0.0852632
-0.959341 9.32294 0.0740229
-0.926691 9.23967 0.0692578
-0.919198 9.20841 0.0850333
-0.960903 9.18636 0.0765913
-0.950753 9.1142 0.0810096
-0.894893 9.09958 0.0961311
-0.929305 9.05957 0.0925536
-0.917741 9.04943 0.0841465
-0.912552 8.99179 0.0859623
-0.91039 8.94232 0.0711711
-0.923451 8.88005 0.0963622
-0.921304 8.85556 0.0701691
-0.934107 8.77943 0.0824854
-0.901428 8.75241 0.0730425
-0.866333 8.72954 0.061511
-0.875205 8.68688 0.0853598
-0.81718 8.63964 0.0713132
-0.852459 8.62258 0.0785519
-0.860823 8.60427 0.0751704
-0.861522 8.55515 0.0917917
-0.800838 8.47847 0.0695403
-0.822026 8.4686 0.0890032
-0.78551 8.43888 0.0767746
-0.795889 8.40227 0.0867099
-0.789064 8.34266 0.136527
-0.760598 8.29191 0.132479
-0.756976 8.25277 0.107955
-0.740668 8.19664 0.0763532
-0.732336 8.13446 0.081789
-0.730491 8.10853 0.0905472
-0.745677 8.10722 0.0813429
-0.724285 8.02548 0.0632595
-0.710783 7.98848 0.0900728
-0.717366 7.97774 0.0756527
-0.700397 7.95437 0.0689697
-0.741938 7.91481 0.0786263
-0.675505 7.85171 0.0904842
-0.676659 7.8196 0.088323
-0.676659 7.8196 0.0886617
-0.702383 7.74421 0.0801989
-0.662048 7.70609 0.0774086
-0.66584 7.66905 0.0845716
-0.661775 7.62186 0.0746024
-0.661775 7.62186 0.0748017
-0.663904 7.62115 0.0953526
-0.658362 7.49255 0.0758945
-0.631505 7.50052 0.0784556
-0.613943 7.43604 0.086986
-0.662357 7.4057 0.115453
-0.607017 7.35881 0.0717248
-0.602456 7.31575 0.0948175
-0.57118 7.27628 0.0747036
-0.59698 7.22183 0.0873949
-0.623883 7.1542 0.0758131
-0.589873 7.13117 0.0749067
-0.524879 7.11525 0.0839342
-0.580341 7.09789 0.0764585
-0.54771 7.04878 0.0946737
-0.558039 6.98849 0.100068
-0.599426 6.97431 0.0910223
-0.547304 6.92561 0.0859184
-0.55257 6.89642 0.0798452
-0.56595 6.83188 0.0742367
-0.557576 6.78576 0.122711
-0.515271 6.81244 0.100176
-0.533033 6.70282 0.080267
-0.56937 6.70441 0.0917696
-0.514276 6.66435 0.078112
-0.544135 6.60265 0.0900219
-0.544135 6.60265 0.100866
-0.508782 6.50822 0.0684693
-0.516716 6.51474 0.0826261
-0.535819 6.45051 0.0979323
-0.508466 6.43281 0.0796278
-0.56615 6.4157 0.0994742
-0.56193 6.35757 0.0741683
-0.471608 6.26525 0.0732149
-0.537462 6.26638 0.0806584
-0.504666 6.18424 0.0802203
-0.527791 6.15125 0.0998885
-0.511179 6.14672 0.0819383
-0.523678 6.10649 0.0796385
-0.47566 6.04678 0.0809283
-0.5088 6.03729 0.0817799
-0.54699 6.02135 0.0787937
-0.521617 5.96499 0.0681186
-0.535946 5.9122 0.0817174
-0.538621 5.89324 0.0800896
-0.53914 5.87124 0.0963143
-0.549151 5.83799 0.0781303
-0.557354 5.80493 0.0806348
-0.543488 5.7324 0.0748338
-0.543363 5.67479 0.107007
-0.534999 5.64177 0.0828232
-0.565417 5.60055 0.0749405
-0.491657 5.57524 0.0767143
-0.52333 5.51752 0.0788469
-0.522645 5.54604 0.0871125
-0.499962 5.45377 0.0877025
-0.489621 5.42173 0.0892289
-0.503393 5.34527 0.11054
-0.524993 5.33257 0.0846929
-0.498765 5.3083 0.0970341
-0.544332 5.28483 0.0915596
-0.554382 5.22323 0.0976373
-0.528365 5.17355 0.0897285
-0.514504 5.13639 0.0908231
-0.557684 5.09554 0.0894696
-0.543441 5.0799 0.082089
-0.532419 5.07228 0.0858135
-0.512574 4.97652 0.0760434
-0.576627 4.93834 0.0885698
-0.562467 4.91149 0.0695362
-0.549778 4.88232 0.0866147
-0.546805 4.86436 0.0873484
-0.57362 4.81097 0.0670559
-0.573313 4.79004 0.0925398
-0.589402 4.77693 0.0875659
-0.579882 4.72731 0.105261
-0.55779 4.66495 0.0805863
-0.542306 4.58371 0.0777722
-0.560316 4.60463 0.0796383
-0.531648 4.58044 0.081746
-0.592477 4.58882 0.09404
-0.521649 4.50272 0.0858501
-0.521649 4.50272 0.0862227
-0.573112 4.46208 0.0780401
-0.590515 4.41085 0.0867383
-0.580306 4.38965 0.0806712
-0.556283 4.33019 0.0777413
-0.568159 4.29035 0.0800374
-0.595133 4.2841 0.08056
-0.577653 4.27092 0.0852656
-0.546693 4.15607 0.089483
-0.568155 4.10783 0.0796934
-0.594331 4.08442 0.0928239
-0.605166 4.06439 0.0716497
-0.596679 3.99315 0.0782278
-0.627471 3.97485 0.0797281
-0.618426 3.92841 0.067919
-0.629819 3.88337 0.0692016
-0.636586 3.89682 0.0709791
-0.643952 3.83008 0.0528565
-0.644101 3.8104 0.0880115
-0.636551 3.71201 0.0672586
-0.676521 3.7128 0.0979621
-0.655733 3.70256 0.0723999
-0.668833 3.69022 0.0703349
-0.64139 3.62405 0.0645203
-0.659223 3.57955 0.0828034
-0.636732 3.55139 0.0651077
-0.642068 3.49684 0.0798038
-0.629414 3.4487 0.0687991
-0.669114 3.39852 0.0772747
-0.657403 3.41049 0.0718067
-0.644069 3.37172 0.071113
-0.682683 3.35987 0.0714176
-0.689489 3.28719 0.08628
-0.670879 3.25065 0.0759507
-0.65927 3.21626 0.079513
-0.678854 3.15508 0.0991092
-0.687069 3.13879 0.0970942
-0.695158 3.11564 0.0767998
-0.704629 3.01244 0.0698084
-0.733842 2.99552 0.0728734
-0.670128 2.98462 0.0806333
-0.700623 2.94708 0.0710681
-0.737317 2.90059 0.0755115
-0.715925 2.83981 0.0770852
-0.717705 2.81891 0.0785567
-0.709899 2.74865 0.0590336
-0.675441 2.759 0.0727031
-0.711177 2.69989 0.0826043
-0.718703 2.62931 0.0833124
-0.69711 2.67955 0.0732976
-0.74582 2.62101 0.0745416
-0.745041 2.55578 0.0775878
-0.709101 2.53347 0.0625596
-0.762569 2.48451 0.076744
-0.703249 2.44509 0.0745913
-0.719099 2.39521 0.0690928
-0.721173 2.38544 0.0729502
-0.725113 2.36585 0.0697682
-0.777626 2.30439 0.0761787
-0.745601 2.28197 0.085719
-0.768817 2.26073 0.0831042
-0.769361 2.18513 0.0704262
-0.753776 2.12974 0.0725555
-0.788097 2.12876 0.0817343
-0.799872 2.11194 0.0903453
-0.789568 2.04912 0.0707772
-0.73356 2.02084 0.0862662
-0.747649 1.95266 0.0771232
-0.767544 1.92284 0.0802741
-0.788444 1.8946 0.0740347
-0.798538 1.87788 0.0792575
-0.790193 1.85653 0.0646376
-0.774604 1.81072 0.0825064
-0.800898 1.72226 0.0721423
-0.781839 1.69705 0.0679573
-0.815119 1.67691 0.0691473
-0.802209 1.65581 0.0718512
-0.778384 1.64528 0.0766776
-0.780197 1.60959 0.0785525
-0.807627 1.54518 0.0831057
-0.81251 1.51005 0.066099
-0.788775 1.45471 0.0705568
-0.780426 1.45244 0.0670806
-0.819272 1.34262 0.0741296
-0.76338 1.3867 0.0764635
-0.797118 1.33779 0.0693082
-0.812327 1.30113 0.0596203
-0.81052 1.23889 0.0782281
-0.824845 1.17933 0.0627292
-0.823753 1.17353 0.0691786
-0.83982 1.15197 0.0734942
-0.820362 1.07721 0.070378
-0.853352 1.08222 0.0678702
-0.868088 1.00158 0.064124
-0.835572 0.974368 0.0697394
-0.851626 0.934873 0.0689663
-0.837902 0.944254 0.0714095
-0.867006 0.854001 0.0798445
-0.880456 0.789141 0.072316
-0.866047 0.792992 0.0587965
-0.87546 0.755931 0.0752342
-0.838986 0.725286 0.0903542
-0.849419 0.68525 0.101918
-0.890409 0.589186 0.0913178
-0.89486 0.56104 0.0793731
-0.88222 0.546492 0.084317
-0.887607 0.530805 0.0820049
-0.92608 0.43023 0.106975
-0.880555 0.431329 0.0839609
-0.892849 0.364317 0.0914135
-0.904519 0.34689 0.0783527
-0.920764 0.268207 0.102981
-0.892694 0.27482 0.109048
-0.90184 0.199537 0.0842278
-0.921396 0.12449 0.0797365
-0.89709 0.0930421 0.0961531
-0.905861 -0.00486691 0.0799505
-0.917172 -0.00357224 0.0952129
-0.929101 -0.099942 0.0711358
-0.9271 -0.110831 0.0758894
-0.890939 -0.110318 0.0724243
-0.914445 -0.191173 0.059272
-0.923504 -0.237597 0.058859
-0.911061 -0.23144 0.0693073
-0.939368 -0.304625 0.0675988
-1.00007 -0.368213 0.0583458
-0.990089 -0.388841 0.058236
-0.946066 -0.372216 0.0677944
-1.00635 -0.44008 0.0628996
-1.01436 -0.42595 0.0717942
-1.02298 -0.492666 0.0619895
-1.05624 -0.501848 0.0623819
-1.09468 -0.549918 0.0777993
-1.08276 -0.528468 0.0713878
-1.10571 -0.519175 0.0706958
-1.08786 -0.562827 0.0744794
-1.12969 -0.621967 0.0581349
-1.13209 -0.678036 0.0842783
-1.12041 -0.678097 0.0742692
-1.17992 -0.735867 0.0727605
-1.19259 -0.742782 0.0599196
-1.21114 -0.795439 0.0786083
-1.22661 -0.812153 0.0806494
-1.2318 -0.860775 0.0740086
-1.25678 -0.857716 0.0758467
-1.25816 -0.923659 0.0723958
-1.26764 -0.899577 0.0644134
-1.27654 -0.979441 0.0802531
-1.29979 -1.01131 0.0867925
-1.27261 -1.01453 0.0809688
-1.31883 -1.07822 0.0746331
-1.38792 -1.07817 0.069026
-1.35266 -1.13535 0.0722427
-1.36577 -1.13958 0.0698837
-1.38002 -1.16096 0.0746888
-1.34359 -1.25494 0.0722029
-1.32616 -1.25211 0.0571251
-1.37919 -1.31137 0.0601771
-1.32911 -1.33533 0.0728237
-1.3528 -1.41709 0.0679042
-1.31687 -1.43081 0.0523971
-1.35746 -1.43553 0.0684823
-1.363 -1.48306 0.0616283
-1.32343 -1.52067 0.0598457
-1.31434 -1.56859 0.0507773
-1.29392 -1.61954 0.0592145
-1.28222 -1.61077 0.0577919
-1.26777 -1.62229 0.059445
-1.26409 -1.73477 0.0589658
-1.25048 -1.70749 0.0536534
-1.22313 -1.78311 0.0524366
-1.23362 -1.76914 0.0706953
-1.23979 -1.81629 0.0527758
-1.16478 -1.899 0.0813279
-1.17046 -1.8997 0.0610438
-1.11407 -1.92577 0.056336
-1.0753 -1.96485 0.0793536
-1.08107 -1.99604 0.0641091
-0.995418 -2.01342 0.0587672
-0.972229 -2.02325 0.072127
-0.964646 -2.07027 0.0772834
-0.942896 -2.10773 0.0694564
-0.909815 -2.14837 0.0998608
-0.88531 -2.17405 0.0685309
-0.839344 -2.19804 0.0596006
-0.833901 -2.2302 0.0666
-0.798869 -2.22646 0.069207
-0.743472 -2.28005 0.0631388
-0.742224 -2.24617 0.0705043
-0.665986 -2.31394 0.0646848
-0.65095 -2.30951 0.0664331
-0.664672 -2.28871 0.0697115
-0.632658 -2.31688 0.0642488
-0.553072 -2.34394 0.0657714
-0.537601 -2.34884 0.0710904
-0.523528 -2.34572 0.0974671
-0.473695 -2.3342 0.0733317
-0.461563 -2.34344 0.086034
-0.423178 -2.37818 0.065633
-0.350003 -2.37052 0.0709636
-0.30062 -2.40358 0.0790111
-0.259158 -2.36985 0.0692186
-0.260319 -2.39021 0.0797919
-0.140325 -2.43387 0.0514255
-0.162139 -2.41351 0.0621508
-0.136242 -2.44954 0.0611914
-0.0853 -2.4433 0.0625499
-0.0777879 -2.4319 0.0589944
0.00633279 -2.44385 0.0795999
0.0461333 -2.46177 0.0753547
0.0748446 -2.48031 0.0627366
0.106865 -2.41841 0.0588794
0.142518 -2.44221 0.0554484
0.141729 -2.40257 0.0666015
0.205933 -2.40969 0.0621282
0.202005 -2.40625 0.05376
0.224471 -2.41592 0.0576325
0.29756 -2.39146 0.048588
0.349717 -2.37865 0.0628544
0.362253 -2.35954 0.0700955
0.39932 -2.35234 0.0493309
0.470919 -2.44922 0.0465413
0.513544 -2.4069 0.048037
0.531482 -2.36023 0.0483268
0.53898 -2.34593 0.0389624
0.595837 -2.36307 0.0548616
0.621109 -2.4038 0.0462338
0.613791 -2.28421 0.041334
0.666985 -2.36349 0.0435672
0.643585 -2.2552 0.0473374
0.709958 -2.30202 0.0480898
0.769735 -2.31245 0.0558437
0.775708 -2.24904 0.0471091
0.776926 -2.24764 0.039252
0.83518 -2.16685 0.0655944
0.846928 -2.19947 0.0557513
0.856355 -2.14256 0.0490221
0.86708 -2.15165 0.0415971
0.85428 -2.03732 0.0427339
0.936826 -2.09575 0.0420239
0.945022 -2.08342 0.0387617
0.950183 -2.01305 0.0417986
0.967564 -1.96048 0.0492967
1.00741 -2.00583 0.0408703
0.970294 -1.88625 0.0558621
1.06209 -2.00894 0.0535014
1.04187 -1.94528 0.079713
1.09351 -1.87757 0.0646217
1.09228 -1.84483 0.0523665
1.14594 -1.80706 0.0500094
1.13429 -1.80071 0.0499162
1.14783 -1.78467 0.063548
1.1523 -1.71745 0.0549128
1.17915 -1.68252 0.0809906
1.16489 -1.61596 0.050669
1.21249 -1.63149 0.0488444
1.15971 -1.58621 0.117168
1.20999 -1.56935 0.07942
1.22456 -1.47425 0.0966533
1.27631 -1.44819 0.0637338
1.221 -1.42579 0.0712295
1.16771 -1.32417 0.0502323
1.22524 -1.3351 0.053054
1.22833 -1.31184 0.0574405
1.23568 -1.24098 0.0733289
1.24953 -1.25242 0.07054
1.21962 -1.17573 0.0701394
1.2291 -1.20117 0.0739866
1.20234 -1.14445 0.0718545
1.20669 -1.08471 0.0541674
1.21237 -1.06488 0.0715965
1.19633 -0.988197 0.0587665
1.21513 -0.982012 0.0743164
1.1901 -0.980458 0.0600329
1.15619 -0.889066 0.0603468
1.17017 -0.856966 0.0568827
1.15728 -0.863613 0.055409
1.1407 -0.795912 0.0548047